224.838743 224.838743 5.000000
202.124564 240.882675 5.000000
180.906008 258.360555 5.000000
157.480000 272.763361 5.000000
5.401061 11.582614 5.000000
4.367597 11.999875 5.000000
3.079947 11.494517 5.000000
2.087251 11.837389 5.000000
1.032796 11.804907 5.000000
0.000000 11.830000 5.000000
-1.068529 12.213347 5.000000
-2.141082 12.142680 5.000000
-3.525115 13.155910 5.000000
-22.518606 61.869362 5.000000
-27.816734 59.653179 5.000000
-32.980000 57.123036 5.000000
-37.529106 53.597118 5.000000
-93.133497 110.992179 5.000000
-84.265915 84.265915 5.000000
-84.029146 84.029146 9.381648
-94.930463 113.133720 10.444588
-83.637110 119.446172 10.375738
-32.790645 56.795062 7.419611
-27.779200 59.572687 7.425133
-22.481390 61.767112 7.425133
-3.627679 13.538682 5.519795
-2.281194 12.937293 5.487396
-1.066567 12.190914 5.454259
0.000000 12.247475 5.454627
-0.016045 -0.183390 4.996610
2.116340 12.002360 5.452418
3.154361 11.772236 5.452418
4.469149 12.278887 5.484818
5.703921 12.232098 5.500650
7.832578 13.566423 5.580545
180.706420 258.075514 16.610887
202.293141 241.083578 16.598369
223.969626 223.969626 16.673110
46.120160 46.120160 9.826217
41.707067 49.704547 9.801197
8.689616 12.410058 6.131447
6.727246 11.651932 6.006351
5.854703 12.555451 6.035785
4.298135 11.809028 5.940859
3.358382 12.533654 5.971029
2.178757 12.356343 5.939387
1.018789 11.644809 5.876103
0.000000 12.098179 5.906273
-1.089194 12.449539 5.935708
-2.138926 12.130451 5.922462
-3.371288 12.581819 5.974709
-5.041717 13.852004 6.101277
-27.543677 59.067606 9.822537
-32.646783 56.545887 9.831368
-83.921868 119.852849 15.809520
-92.740653 110.524006 15.659404
-84.101678 84.101678 13.789576
-84.008939 84.008939 18.210008
-93.092983 110.943896 21.096477
-36.984107 52.818779 12.183484
-32.234942 55.832558 12.182381
-27.321758 58.591699 12.202227
-5.444176 14.957750 6.796438
-3.368661 12.572015 6.474494
-2.108240 11.956425 6.377470
-1.058147 12.094673 6.377470
0.000000 11.445140 6.300291
1.007905 11.520402 6.313522
2.011590 11.408295 6.315727
3.101130 11.573576 6.359829
4.098033 11.259254 6.359829
5.256967 11.273602 6.410546
6.661809 11.538591 6.508673
36.915698 52.721080 12.170253
41.395722 49.333500 12.174664
45.783875 45.783875 12.213253
45.532792 45.532792 14.609427
41.015944 48.880899 14.522830
36.627983 52.310181 14.530169
31.944307 55.329164 14.534572
5.973015 12.809173 7.151858
4.532792 12.453744 7.021230
3.097307 11.559308 6.830424
2.079779 11.795011 6.831892
1.043862 11.931392 6.831892
0.000000 11.967076 6.830424
-1.085243 12.404387 6.902343
-2.121003 12.028805 6.867117
-3.670783 13.699549 7.159197
-22.040650 60.556189 14.616765
-27.109186 58.135837 14.572733
-31.904741 55.260632 14.522830
-36.985423 52.820658 14.622636
-41.174901 49.070336 14.559524
-83.498878 83.498878 22.576300
-82.882311 82.882311 26.915993
-40.985671 48.844821 16.961199
-36.617712 52.295513 16.975847
-227.610592 394.233110 89.867203
-26.764340 57.396312 16.880638
-21.700424 59.621425 16.902609
-3.223496 12.030250 7.405549
-2.232716 12.662363 7.480618
-1.044365 11.937147 7.317664
0.000000 11.756633 7.275553
1.044365 11.937147 7.317664
2.080782 11.800701 7.317664
3.185329 11.887810 7.378085
4.209299 11.564954 7.378085
5.566851 11.938150 7.539207
7.023623 12.165272 7.702161
36.273745 51.804277 16.864160
40.865606 48.701733 16.926412
44.947785 44.947785 16.924581
44.276613 44.276613 19.189920
40.148821 47.847501 19.154854
35.915399 51.292505 19.189920
31.308294 54.227555 19.189920
5.882850 12.615813 8.251390
4.186951 11.503554 7.874426
3.274479 12.220522 7.966475
2.047835 11.613848 7.773610
1.027829 11.748134 7.773610
0.000000 11.773496 7.769227
-1.066945 12.195243 7.874426
-2.171516 12.315279 7.933600
-3.721451 13.888644 8.354397
-21.572975 59.271263 19.292928
-26.483530 56.794114 19.200878
-31.381470 54.354301 19.222795
-35.837050 51.180612 19.159237
-40.512574 48.281005 19.281969
-82.180568 82.180568 31.230850
-44.293990 44.293990 21.686286
-40.103359 47.793323 21.620001
-35.624451 50.876988 21.546069
-30.909624 53.537039 21.469587
-26.215847 56.220065 21.525674
-21.272408 58.445461 21.569014
-3.461627 12.918969 8.697118
-2.105888 11.943085 8.368246
-1.051910 12.023382 8.352950
0.000000 12.059640 8.350401
1.066237 12.187139 8.396290
2.094134 11.876427 8.350401
3.146291 11.742118 8.375895
4.448744 12.222824 8.600241
5.983402 12.831448 8.903619
31.127189 53.913873 21.584310
35.435879 50.607679 21.459390
39.773939 47.400735 21.484883
43.746996 43.746996 21.482334
43.397823 43.397823 23.836535
39.628698 47.227643 23.920693
35.026914 50.023617 23.743671
30.476363 52.786608 23.708846
5.748481 12.327657 9.349693
4.400158 12.089334 9.126238
2.980529 11.123485 8.717054
2.069505 11.736746 8.838939
1.003675 11.472058 8.717054
0.000000 12.377148 8.978235
-1.043709 11.929653 8.856351
-2.225710 12.622628 9.111728
-3.535334 13.194046 9.367105
-21.488571 59.039363 24.277641
-26.006438 55.770986 23.885869
-30.634262 53.060098 23.804613
-34.983003 49.960905 23.720454
-39.179656 46.692496 23.708846
-79.674472 79.674472 39.394220
-79.945548 79.945548 44.173036
-39.029638 46.513712 26.171108
-34.740399 49.614431 26.119070
-30.293475 52.469837 26.125575
-25.421316 54.516189 25.975965
-20.932184 57.510702 26.336979
-3.585629 13.381751 10.052308
-2.193861 12.442005 9.632751
-1.063209 12.152531 9.483142
0.000000 11.990913 9.411589
-0.141732 -1.620002 4.728161
2.118326 12.013622 9.483142
3.299275 12.313061 9.671780
4.188459 11.507695 9.499404
5.435249 11.655929 9.710808
30.061795 52.068556 25.966208
34.550561 49.343315 26.005236
38.646699 46.057342 25.966208
42.821383 42.821383 26.115817
41.921116 41.921116 28.223412
38.023965 45.315197 28.173035
33.951199 48.487337 28.187428
29.554069 51.189149 28.155043
5.954733 12.769966 10.793054
4.407445 12.109356 10.328868
3.018932 11.266806 9.857486
1.954190 11.082759 9.699159
1.016607 11.619870 9.857486
0.000000 11.664256 9.857486
-1.018233 11.638459 9.864683
-2.134028 12.102674 10.098575
-3.743379 13.970480 10.936988
-20.423595 56.113367 28.388936
-31.829339 68.258237 34.405360
-29.768663 51.560836 28.320567
-33.994011 48.548480 28.216215
-38.065946 45.365228 28.198223
-41.927713 41.927713 28.227010
-77.150863 77.150863 52.203556
-37.691828 44.919371 30.572206
-33.580698 47.958208 30.532812
-29.080062 50.368145 30.367356
-24.563993 52.677653 30.351599
-19.917083 54.721736 30.398872
-19.189850 71.617496 37.218006
-2.075997 11.773565 10.563897
-1.022738 11.689945 10.469351
0.000000 11.734598 10.469351
1.022738 11.689945 10.469351
53.512280 303.483219 137.519556
2.980044 11.121676 10.374805
4.290108 11.786976 10.816019
6.318807 13.550726 11.848147
29.369590 50.869622 30.615540
33.628146 48.025970 30.568267
37.691828 44.919371 30.572206
40.904443 40.904443 30.233416
40.434786 40.434786 32.573617
36.838148 43.901995 32.633469
32.923508 47.019643 32.676220
36.108538 62.541822 39.683202
5.694629 12.212170 11.903235
4.008771 11.014009 11.073855
2.991467 11.164308 10.996902
2.071412 11.747560 11.172183
0.982934 11.234984 10.864372
0.000000 11.187499 10.821620
0.113816 -1.300922 4.913354
-2.080831 11.800977 11.197834
-14.720608 54.938056 32.428261
-19.653731 53.998183 32.706146
-24.262272 52.030609 32.680496
-28.799633 49.882428 32.770274
-32.913138 47.004832 32.667670
-36.599903 43.618066 32.458187
-74.940430 74.940430 55.650911
-73.447061 73.447061 59.519834
-35.875393 42.754629 34.587841
-32.236586 46.038616 34.790465
-28.212343 48.865212 34.905593
-23.759821 50.953100 34.799676
-23.809813 65.416922 41.748766
-18.272762 68.194877 42.259932
-2.089522 11.850265 11.875505
-0.962104 10.996895 11.359734
0.000000 11.340704 11.516307
0.980671 11.209122 11.470256
1.953879 11.080997 11.470256
2.912216 10.868538 11.470256
3.848390 10.573364 11.470256
5.085397 10.905670 11.875505
27.888349 48.304038 34.569421
32.175489 45.951361 34.735204
179.460199 213.872337 150.475098
197.875698 197.875698 150.811270
193.341518 193.341518 160.632629
34.982169 41.690126 36.574931
31.295369 44.694418 36.653792
27.380966 47.425225 36.767154
23.176487 49.702138 36.811513
4.260812 11.706484 12.803367
2.933806 10.949111 12.167553
1.968364 11.163145 12.167553
1.053917 12.046324 12.596358
0.000000 12.109741 12.606215
-1.055433 12.063660 12.606215
-14.505885 82.266964 53.066670
-14.121636 52.702662 36.653792
-18.610648 51.132334 36.570003
-22.996305 49.315735 36.570003
-27.250452 47.199167 36.619291
-31.445089 44.908241 36.801656
-35.222663 41.976735 36.786870
-71.952295 71.952295 63.387560
-70.795060 70.795060 67.563167
-34.169474 40.721594 38.627312
-30.968882 44.228148 39.141401
-26.464199 45.837337 38.485675
-22.512428 48.278057 38.695508
-18.224875 50.072432 38.705999
-17.001900 63.451955 46.349136
-11.411436 64.717467 46.364873
-1.021686 11.677922 13.095984
0.000000 10.964818 12.629108
0.957131 10.940056 12.639599
1.967591 11.158762 12.854677
2.842311 10.607648 12.639599
1.691528 4.647435 8.920324
27.927428 59.890562 46.590443
33.019678 57.191760 46.564213
38.449953 54.912224 47.177973
171.735733 204.666677 170.496332
188.847863 188.847863 170.433382
184.600186 184.600186 180.450894
167.129998 199.177775 179.745320
29.758844 42.500034 40.680535
25.970582 44.982368 40.719425
21.919659 47.006860 40.669424
22.263806 61.169304 49.508546
3.023370 11.283371 13.818714
1.839313 10.431261 13.090917
0.988390 11.297349 13.590931
0.000000 10.958027 13.335368
-1.016652 11.620388 13.807603
-11.261759 63.868611 49.347431
-17.385830 64.884799 50.897472
-17.656860 48.511825 40.508308
-21.835324 46.826004 40.536087
-75.060548 130.008683 106.321158
-29.758844 42.500034 40.680535
-33.413860 39.821087 40.747204
-36.386945 36.386945 40.397194
-35.505406 35.505406 42.463599
-32.275797 38.464797 42.463599
-28.935358 41.323973 42.633483
-25.203367 43.653512 42.604193
-21.302806 45.684016 42.604193
-21.844253 60.016591 52.334442
-16.354140 61.034480 51.842364
-10.838705 61.469351 51.285848
-5.536118 63.278116 52.082545
0.000000 11.926530 14.790091
-0.255282 -2.917888 4.052254
2.130128 12.080557 15.036130
3.086813 11.520143 14.790091
17.273381 47.458225 42.674490
21.213753 45.493041 42.451883
31.573510 54.686924 51.813074
141.332766 201.844108 184.275685
32.442500 38.663466 42.651057
35.688790 35.688790 42.651057
