13.376410 15.941385 5.000000
10.754558 15.359101 5.000000
9.555000 16.549745 5.000000
8.794686 18.860265 5.000000
9.019071 24.779694 5.000000
6.812117 25.423168 5.000000
4.587785 26.018621 5.000000
2.307013 26.369274 5.000000
0.000000 26.130000 5.000000
-1.536556 17.562913 5.000000
-3.061417 17.362161 5.000000
-4.562980 17.029272 5.000000
-6.029815 16.566781 5.000000
-7.099987 15.225971 5.000000
-8.805000 15.250707 5.000000
-10.140831 14.482608 5.000000
-11.640884 13.873065 5.000000
-13.123902 13.123902 5.000000
-13.069627 13.069627 5.684372
-12.144164 14.472852 5.699468
-10.097148 14.420222 5.651973
-8.682002 15.037668 5.643136
-7.068053 15.157488 5.619573
-5.699587 15.659487 5.617363
-4.313084 16.096650 5.617363
-2.964904 16.814805 5.632459
-1.630082 18.631924 5.692472
0.000000 25.958172 5.959772
2.234533 25.540828 5.947990
4.564854 25.888576 5.971922
6.816754 25.440472 5.973763
9.206335 25.294196 5.995117
11.375836 24.395559 5.995117
13.463757 23.319912 5.995486
15.473647 22.098659 5.997327
16.871874 20.107116 5.970449
19.485804 19.485804 6.018681
18.751748 18.751748 6.970331
17.373002 20.704338 7.007860
15.096255 21.559687 6.955614
13.608539 23.570681 7.021842
11.481361 24.621857 7.018163
9.128010 25.079001 6.982841
6.824898 25.470868 6.959294
4.578995 25.968772 6.959294
2.290420 26.179625 6.952671
0.000000 25.910630 6.925444
-2.220016 25.374895 6.893066
-3.262847 18.504525 6.400037
-4.971616 18.554323 6.430944
-6.010421 16.513495 6.310262
-7.570096 16.234123 6.335282
-9.394994 16.272606 6.400037
-10.542965 15.056915 6.369867
-12.077971 14.393965 6.400037
-13.625018 13.625018 6.435359
-13.363905 13.363905 7.127202
-12.256918 14.607226 7.145945
-10.469707 14.952292 7.055536
-9.330439 16.160795 7.100741
-8.058645 17.281820 7.145945
-6.083254 16.713602 7.003717
-5.135908 19.167468 7.231944
-3.331900 18.896144 7.159176
-2.209385 25.253384 7.842755
0.000000 25.250458 7.831730
2.244901 25.659334 7.887960
4.514138 25.600949 7.914421
6.923733 25.839725 7.998214
9.115473 25.044557 7.987189
11.284565 24.199829 7.992702
13.147028 22.771321 7.947497
14.939131 21.335290 7.919933
16.754554 19.967300 7.922139
18.965187 18.965187 8.005932
22.989554 22.989554 9.878912
17.178816 20.472916 9.020287
15.068126 21.519514 8.952771
13.085779 22.665235 8.938093
11.231976 24.087049 8.998271
9.066228 24.909256 8.987996
6.781378 25.308448 8.942497
4.472501 25.364814 8.876448
2.234447 25.539849 8.858836
0.000000 25.637407 8.858836
-2.215481 25.323059 8.826545
-3.364600 19.081596 7.929759
-4.789573 17.874931 7.800598
-6.190541 17.008371 7.740421
-7.649361 16.404108 7.740421
-9.049965 15.675000 7.740421
-10.614313 15.158810 7.800598
-12.314745 14.676142 7.897468
-13.700873 13.700873 7.929759
-14.194194 14.194194 8.824524
-12.132131 14.458510 8.601150
-10.746879 15.348134 8.575517
-9.161856 15.868800 8.498617
-7.910125 16.963317 8.571855
-6.267078 17.218656 8.498617
-5.177624 19.323158 8.811707
-3.473798 19.700887 8.811707
-2.188225 25.011530 9.761963
0.000000 25.460985 9.827876
2.219928 25.373892 9.829707
4.504903 25.548574 9.917592
6.676299 24.916286 9.890128
8.906550 24.470546 9.935901
11.196525 24.011025 10.020125
13.197463 22.858676 10.001815
15.139507 21.621457 10.001815
17.263334 20.573641 10.087869
62.966163 62.966163 21.670364
62.159222 62.159222 24.870679
18.198220 21.687794 11.484075
14.744538 21.057383 10.898904
12.887308 22.321472 10.914246
11.041267 23.678074 10.993145
8.798753 24.174374 10.903288
6.597729 24.623059 10.850688
4.484186 25.431085 10.925204
2.210690 25.268306 10.822196
0.000000 25.257502 10.798088
-2.240453 25.608498 10.898904
-3.525233 19.992590 9.684730
-5.133075 19.156895 9.579530
-6.439459 17.692269 9.353790
-8.018789 17.196349 9.386665
-9.487036 16.432029 9.386665
-11.123722 15.886322 9.480906
0.704383 -0.839451 4.878439
-14.568854 14.568854 9.752671
-14.387121 14.387121 10.535232
-12.587430 15.001115 10.333830
-10.782853 15.399510 10.127329
-9.539874 16.523546 10.201261
-8.186046 17.555032 10.277743
-6.509122 17.883666 10.188514
-4.953218 18.485661 10.216558
-3.600290 20.418259 10.637208
-2.254526 25.769351 11.990937
0.000000 25.422985 11.873665
2.219973 25.374407 11.886411
4.423051 25.084367 11.886411
6.609985 24.668799 11.904257
8.728245 23.980656 11.899158
10.854554 23.277667 11.942498
13.040258 22.586390 12.047023
14.997993 21.419354 12.064869
17.336057 20.660308 12.281568
25.436389 25.436389 14.655054
20.011869 20.011869 13.807183
17.348846 20.675550 13.409607
15.228345 21.748331 13.276114
12.849055 22.255216 13.017835
10.840269 23.247032 13.003325
8.635440 23.725675 12.881441
6.559518 24.480456 12.910461
4.400945 24.959000 12.910461
2.204708 25.199925 12.895951
0.000000 25.650262 13.003325
-2.239738 25.600321 13.017835
-4.462430 25.307698 13.017835
-5.442477 20.311602 11.601654
-6.838554 18.788773 11.288236
-8.668474 18.589602 11.444945
-10.303526 17.846231 11.473965
-11.589185 16.551071 11.352081
-14.082529 16.782905 11.868639
-46.090997 46.090997 24.991536
-44.934358 44.934358 27.143570
-41.096296 48.976659 27.276917
-12.052128 17.212222 12.514361
-9.621956 16.665716 11.906165
-8.172793 17.526610 11.938689
-6.614148 18.172222 11.938689
-5.320890 19.857832 12.358246
-3.714421 21.065527 12.644456
-2.191501 25.048973 13.935651
0.000000 25.144656 13.935651
2.178314 24.898248 13.883613
4.307209 24.427397 13.818565
6.436939 24.022984 13.841332
8.525591 23.423869 13.860846
10.578634 22.685954 13.896622
12.922212 22.381928 14.176327
14.861720 21.224736 14.199094
16.697573 19.899393 14.221861
18.642532 18.642532 14.355208
18.803750 18.803750 15.614830
16.565577 19.742086 15.298176
14.177178 20.247108 14.891563
12.638482 21.890494 15.107464
10.520840 22.562014 14.959932
8.380369 23.024876 14.808801
6.254796 23.343216 14.679261
4.339074 24.608110 14.995915
2.181890 24.939117 15.013907
0.000000 25.099692 15.039095
-2.167253 24.771813 14.949137
-4.274267 24.240573 14.851981
-6.271700 23.406301 14.704450
-8.156992 22.411152 14.556918
-10.079213 21.614942 14.556918
-13.548173 23.466124 15.809140
-37.295925 53.264101 30.436391
-41.202541 49.103277 30.080155
-45.945543 45.945543 30.418399
-45.089972 45.089972 32.770402
-41.171692 49.066512 32.892524
-37.481937 53.529753 33.447982
-40.017773 69.312816 39.743174
-10.009019 21.464412 15.590595
-8.097042 22.246439 15.586656
-6.070232 22.654413 15.492110
-4.192375 23.776140 15.787566
-2.132232 24.371528 15.925446
0.000000 24.464623 15.925446
2.114609 24.170087 15.838779
4.259410 24.156312 15.953022
6.224860 23.231494 15.748172
8.373681 23.006500 15.933325
10.346965 22.189139 15.933325
12.264481 21.242704 15.953022
14.322288 20.454347 16.142114
16.091858 19.177529 16.169690
19.378867 19.378867 17.186060
18.387739 18.387739 17.828602
16.209627 19.317881 17.456663
14.096132 20.131363 17.153127
11.994126 20.774435 16.875242
10.294514 22.076656 17.050523
8.182822 22.482119 16.845316
6.140764 22.917642 16.751262
4.157667 23.579302 16.853866
2.090714 23.896969 16.875242
0.000000 24.078652 16.917994
-2.071017 23.671827 16.768363
-4.135690 23.454664 16.794014
-6.260091 23.362977 16.969295
-8.436357 23.178700 17.195879
-11.100640 23.805399 17.952581
-14.660949 25.393509 19.397584
-35.116838 50.152042 34.484612
-37.913155 45.183139 33.424373
-40.076817 40.076817 32.334208
-39.772745 39.772745 34.813491
-36.126446 43.053821 34.790465
-34.787366 49.681508 37.097619
-14.080880 24.388800 20.242965
-10.761252 23.077578 18.843016
-8.038012 22.084255 17.825289
-5.976974 22.306369 17.613455
-4.010101 22.742414 17.613455
-2.012710 23.005376 17.613455
0.000000 23.457191 17.802264
2.044429 23.367929 17.802264
4.073298 23.100823 17.802264
6.071168 22.657906 17.802264
8.053191 22.125961 17.848315
9.950951 21.339884 17.848315
11.986015 20.760387 18.069359
13.989087 19.978486 18.285799
15.677094 18.683233 18.285799
19.103682 19.103682 19.648908
18.111591 18.111591 20.255701
15.966376 19.027986 19.817038
13.603423 19.427702 19.181224
11.466879 19.861216 18.737633
9.692225 20.785043 18.737633
7.843807 21.550682 18.737633
5.946953 22.194331 18.762277
3.989960 22.628186 18.762277
2.002600 22.889827 18.762277
0.000000 22.664027 18.584840
-2.006392 22.933166 18.786921
-3.943121 22.362553 18.609484
-6.028024 22.496893 18.939713
-8.177109 22.466422 19.289658
-10.317347 22.125622 19.575528
-12.258668 21.232635 19.634673
-13.129309 18.750597 18.712989
-15.569281 18.554747 19.467094
-13.718692 13.718692 16.736543
-40.731026 40.731026 41.365622
-15.163681 18.071372 20.408635
-12.783825 18.257194 19.606027
-11.846332 20.518449 20.471585
-10.138883 21.742904 20.655188
-7.899541 21.703809 20.104378
-6.010921 22.433063 20.183065
-3.910172 22.175690 19.747664
-1.958844 22.389693 19.721435
0.000000 21.921833 19.380457
1.951424 22.304881 19.668977
3.887997 22.049926 19.668977
5.790573 21.610711 19.658485
7.657859 21.039795 19.668977
9.627966 20.647239 19.910284
11.390854 19.729538 19.910284
13.472357 19.240520 20.345685
15.355217 18.299635 20.592238
18.276311 18.276311 21.798773
18.695897 18.695897 23.680086
15.595018 18.585418 22.224492
13.314940 19.015705 21.524474
11.070647 19.174922 20.807788
9.195673 19.720185 20.552226
7.302608 20.063750 20.279996
5.629444 21.009372 20.546670
-0.349536 -1.982319 4.668473
1.895681 21.667735 20.546670
0.000000 21.733873 20.535559
-1.899305 21.709150 20.574448
-3.844795 21.804917 20.807788
-5.844644 21.812510 21.102240
-7.606894 20.899769 20.874456
-9.585721 20.556645 21.168909
-10.846150 18.786082 20.507780
-13.090791 18.695588 21.263356
-35.321876 42.094973 42.730589
-39.485378 39.485378 43.325049
-37.860745 37.860745 44.871265
-34.401263 40.997829 44.853691
-12.846709 18.347002 22.358713
-10.984008 19.024859 22.048236
-8.999800 19.300134 21.562016
-7.499644 20.605103 22.018945
-5.578763 20.820227 21.749474
-3.616272 20.508897 21.222248
-1.844003 21.077054 21.462429
0.000000 21.157565 21.462429
1.840471 21.036685 21.433139
3.599384 20.413120 21.151952
5.465493 20.397496 21.433139
7.222454 19.843529 21.433139
9.061452 19.432347 21.667461
10.720611 18.568643 21.667461
13.130271 18.751971 22.716055
15.819058 18.852419 23.957966
35.877904 35.877904 42.844374
