9.018310 10.747604 5.000000
7.771961 11.099510 5.000000
5.925000 10.262401 5.000000
4.826301 10.350035 5.000000
3.498866 9.613056 5.000000
2.544191 9.495051 5.000000
17.319669 98.224725 5.000000
5.788884 66.167252 5.000000
0.000000 13.190000 5.000000
-1.078988 12.332890 5.000000
-2.078569 11.788149 5.000000
-3.338766 12.460443 5.000000
-4.682256 12.864392 5.000000
-15.425567 33.080234 5.000000
-18.490000 32.025619 5.000000
-38.877011 55.522126 5.000000
-38.226579 45.556663 5.000000
-38.176695 38.176695 5.000000
-37.469470 37.469470 6.955702
-46.008951 54.831332 7.640519
-40.544870 57.904076 7.607751
-35.658699 61.762678 7.630947
-12.549918 26.913387 6.097472
-9.995865 27.463415 6.080167
-3.852699 14.378467 5.551827
-2.433901 13.803336 5.519795
-2.543726 29.074921 6.078695
0.000000 32.163962 6.188413
2.803274 32.041568 6.188413
11.316924 64.181465 7.404515
2.735359 10.208497 5.392773
3.614679 9.931249 5.392773
38.345940 82.233133 8.346323
26.759736 46.349223 6.975216
7.999282 11.424158 5.517218
8.707582 10.377293 5.502491
10.490437 10.490437 5.549986
10.254212 10.254212 6.083616
8.109903 9.665006 5.944538
7.002153 10.000111 5.914368
6.103940 10.572335 5.914368
22.372209 47.977358 8.919633
30.838571 84.728278 11.666610
2.700183 10.077221 5.783384
1.761399 9.989390 5.762044
0.996190 11.386501 5.856970
0.000000 12.247772 5.917311
-1.031827 11.793833 5.887141
-2.190879 12.425092 5.944538
-3.159632 11.791907 5.914368
-4.478914 12.305715 5.979860
-12.395956 26.583213 7.177845
-35.623690 61.702042 10.270678
-40.453963 57.774247 10.217696
-46.123867 54.968284 10.308207
-26.318433 26.318433 7.759913
-26.133704 26.133704 9.130530
-25.417614 30.291533 9.417193
-29.909420 42.715079 10.815223
-25.431674 44.048951 10.672994
-12.989935 27.857005 8.440336
-9.948314 27.332768 8.257313
-3.175730 11.851987 6.391803
-1.826919 10.360975 6.197755
-0.896159 10.243146 6.171293
0.000000 9.516967 6.086397
0.829458 9.480752 6.086397
1.652604 9.372383 6.086397
2.488897 9.288688 6.097423
3.288988 9.036420 6.097423
4.614303 9.895405 6.241856
5.200771 9.007999 6.184524
6.940915 9.912654 6.373060
8.302320 9.894320 6.463468
13.026563 13.026563 7.074280
24.472386 24.472386 10.190073
10.394550 12.387742 7.454212
7.834226 11.188435 7.081407
6.428665 11.134774 6.962520
4.886108 10.478292 6.770247
3.517844 9.665196 6.580909
2.662080 9.935017 6.580909
1.786056 10.129227 6.580909
0.849023 9.704374 6.500183
0.000000 9.978844 6.535409
-0.911095 10.413866 6.605860
-1.949235 11.054662 6.720344
-3.130589 11.683518 6.849505
-9.583851 26.331415 9.212560
-12.210192 26.184842 9.341721
-21.483834 37.211091 11.430310
-29.025297 41.452419 12.563402
-24.916822 29.694713 10.806522
-25.423636 25.423636 10.389685
-28.222391 28.222391 12.519351
-23.968023 28.563977 12.030491
-29.275989 41.810446 14.591969
-21.986337 38.081452 13.275527
-17.744397 38.052982 12.905678
-9.262963 25.449782 10.129981
-2.907985 10.852749 7.178513
-1.727407 9.796609 6.938661
-0.868716 9.929471 6.942323
0.000000 9.397204 6.836128
0.819020 9.361445 6.836128
1.701800 9.651385 6.911197
2.536497 9.466337 6.911197
3.351891 9.209245 6.911197
4.677736 10.031438 7.147387
5.740683 9.943155 7.224287
9.213124 13.157705 8.077502
10.843011 12.922197 8.227639
12.268619 12.268619 8.317355
10.284479 10.284479 8.391655
10.979608 13.084987 8.961485
10.295468 14.703452 9.156542
6.491675 11.243910 8.040991
4.315945 9.255574 7.418562
3.285948 9.028068 7.282680
2.542152 9.487440 7.330896
1.624269 9.211686 7.225697
0.790576 9.036324 7.162139
0.000000 9.714795 7.306788
-0.846700 9.677827 7.306788
-1.907211 10.816330 7.591703
-3.064882 11.438295 7.784568
-9.716441 26.695702 11.505992
-18.413969 39.488883 14.911817
-24.376032 42.220526 16.075584
-39.916764 57.007047 20.756950
-45.366792 54.066037 20.978307
-41.158195 41.158195 18.199294
-41.969267 41.969267 20.819491
-45.417595 54.126582 23.799734
-40.111357 57.284954 23.608529
-34.704930 60.110702 23.470862
-26.465125 56.754645 21.681187
-10.054427 27.624312 12.921466
-3.056195 11.405875 8.284116
-1.833873 10.400413 7.955244
-0.879987 10.058296 7.832874
0.000000 9.603569 7.702854
0.873245 9.981234 7.812478
1.667642 9.457669 7.702854
2.485587 9.276335 7.702854
3.420209 9.396946 7.807380
5.701431 12.226759 8.727711
9.858970 17.076236 10.369521
35.796384 51.122534 21.625100
33.365779 39.763787 18.856457
8.965048 8.965048 8.513562
9.983517 9.983517 9.506401
9.616717 11.460757 9.761778
35.290383 50.399890 23.882967
19.504751 33.783220 17.054534
7.904099 16.950395 10.896465
3.382250 9.292655 8.223712
2.378664 8.877295 8.011865
1.664037 9.437224 8.130848
0.816848 9.336611 8.067004
0.000000 9.190452 8.011865
-0.836031 9.555876 8.133750
-1.765404 10.012104 8.307870
-20.142341 75.172240 28.825093
-26.093703 71.691861 28.360771
-14.747074 31.625202 15.806669
-38.270848 66.287053 28.436223
-37.612200 53.715788 25.110518
-40.582143 48.363915 24.370505
-42.572277 42.572277 23.482490
-44.379368 44.379368 26.873622
-39.272774 46.803470 26.301203
-37.566263 53.650183 27.813560
-16.430507 28.458473 16.589594
-14.203382 30.459250 16.846532
-11.633708 31.963349 16.986384
-19.247029 71.830891 30.864293
-12.980639 73.616861 30.997641
0.141732 -1.620002 4.728161
0.000000 11.073650 9.096108
0.857166 9.797447 8.670046
1.711092 9.704083 8.676551
2.763277 10.312692 8.959508
6.898762 18.954193 12.224899
15.881876 34.058792 18.212532
30.156358 52.232344 26.031255
7.355010 10.504043 9.697799
8.667998 10.330118 9.925465
35.258805 35.258805 22.437375
35.943852 35.943852 24.963316
8.241306 9.821606 10.303680
6.920460 9.883441 10.012215
6.032727 10.448989 10.012215
15.288045 32.785318 19.310324
12.828768 35.246751 19.824887
2.719493 10.149288 9.411292
1.682002 9.539105 9.094638
0.915773 10.467332 9.411292
0.000000 10.507316 9.411292
-1.113375 12.725935 10.285688
-13.073388 74.142868 34.394564
-18.686310 69.738258 33.203514
-25.305984 69.527621 33.894395
-30.181124 64.723629 32.901254
-32.217830 55.802919 30.209695
-36.097175 51.552109 29.630363
-40.422890 48.174125 29.612371
-41.446102 41.446102 27.964331
-42.925716 42.925716 31.458576
-39.352001 46.897888 31.679183
-35.051571 50.058831 31.631910
-31.138925 53.934201 32.132216
-27.337479 58.625412 33.164344
-23.749166 65.250296 35.201024
-9.450645 35.270286 21.090024
-6.417285 36.394232 21.279117
-3.135985 35.844469 20.861538
0.000000 36.082493 20.904872
0.988291 11.296220 10.299956
2.273909 12.895977 11.052385
9.350731 34.897403 20.924569
12.589286 34.588780 21.216086
15.730790 33.734789 21.393360
6.009765 10.409219 10.591473
8.343904 11.916330 11.674813
37.650471 44.870084 30.544630
41.034429 41.034429 30.312205
40.338902 40.338902 32.509489
30.504320 36.353633 27.973548
32.721287 46.730840 32.509489
5.779071 10.009645 10.996902
4.571401 9.803401 10.646339
13.024721 35.785126 23.540211
9.549772 35.640234 22.980165
6.223515 35.295309 22.479972
3.155948 36.072647 22.655254
0.000000 36.526842 22.804884
-3.217403 36.775090 22.988716
-6.231364 35.339822 22.501348
-9.481919 35.387004 22.856186
-21.440843 58.908233 35.177187
-26.348266 56.504039 35.014731
-30.960212 53.624661 34.813799
-34.411654 49.144935 33.903190
-38.534916 45.924125 33.881815
-42.640130 42.640130 34.048546
-41.467445 41.467445 36.056867
-38.705438 46.127344 36.871969
-27.338680 39.043682 30.360362
-23.432323 40.585973 29.945904
-19.809606 42.481838 29.950509
-12.676955 34.829648 24.861877
-9.110654 34.001422 23.894807
-6.211215 35.225550 24.189533
-3.126754 35.738963 24.244794
0.000000 35.094344 23.839546
3.130622 35.783177 24.267820
6.339151 35.951111 24.571756
9.473646 35.356128 24.622412
12.910724 35.471922 25.216469
16.767228 35.957437 26.215775
27.861719 48.257914 34.541790
32.185672 45.965903 34.744414
36.086506 43.006223 34.758230
39.772745 39.772745 34.813491
38.568721 38.568721 36.643935
34.982169 41.690126 36.574931
31.460061 44.929623 36.816442
19.632746 34.004913 27.988976
15.638244 33.536322 26.707490
12.236249 33.618819 26.012530
8.966856 33.464764 25.371787
6.081058 34.487391 25.583725
2.996784 34.253401 25.223923
0.000000 34.236327 25.140134
-3.019534 34.513437 25.371787
-6.103721 34.615923 25.657657
-9.297897 34.700225 26.096319
-15.310364 42.064879 31.103972
-24.926831 53.455761 39.157619
-29.386542 50.898983 39.039328
-32.982217 47.103487 38.319724
-36.704777 43.743049 38.092999
-22.492186 22.492186 23.765001
1.300829 -1.300829 4.739419
1.182504 -1.409254 4.739419
-32.389895 46.257564 40.667930
-28.967200 50.172662 41.570208
-23.796916 51.032651 40.568260
-23.119654 63.520728 47.524196
-8.782904 32.778244 26.782287
-5.941457 33.695675 26.955398
-2.916037 33.330457 26.488522
0.000000 33.534396 26.535734
2.922715 33.406788 26.535734
1.809405 10.261645 12.293376
8.760869 32.696009 26.729829
11.949890 32.832054 27.401292
15.150906 32.491223 27.962593
18.580597 32.182538 28.770446
21.539412 30.761469 29.011753
24.149432 28.780172 29.022245
37.853451 37.853451 38.858127
36.545689 36.545689 40.547198
23.462245 27.961215 30.402486
19.934470 28.469373 29.235788
17.543637 30.386471 29.458016
14.828523 31.799871 29.458016
11.963586 32.869681 29.385792
9.294303 34.686812 30.008031
6.527435 37.018922 31.130283
4.624077 52.853442 41.463889
0.000000 59.016970 45.447328
-3.053709 34.904059 29.424682
-6.410484 36.355663 30.680271
-9.462159 35.313259 30.441376
0.950081 -2.610326 4.157348
1.173971 -2.517588 4.157348
1.388926 -2.405690 4.157348
1.388926 -2.405690 4.157348
1.388926 -2.405690 4.157348
1.388926 -2.405690 4.157348
1.388926 -2.405690 4.157348
1.388926 -2.405690 4.157348
1.388926 -2.405690 4.157348
1.388926 -2.405690 4.157348
1.388926 -2.405690 4.157348
1.388926 -2.405690 4.157348
1.388926 -2.405690 4.157348
1.388926 -2.405690 4.157348
1.388926 -2.405690 4.157348
1.388926 -2.405690 4.157348
1.388926 -2.405690 4.157348
1.388926 -2.405690 4.157348
1.388926 -2.405690 4.157348
1.388926 -2.405690 4.157348
1.388926 -2.405690 4.157348
1.388926 -2.405690 4.157348
1.388926 -2.405690 4.157348
1.388926 -2.405690 4.157348
1.388926 -2.405690 4.157348
1.388926 -2.405690 4.157348
