117.919387 140.530853 5.000000
105.211126 150.257059 5.000000
91.400000 158.309444 5.000000
77.592713 166.398110 5.000000
62.504181 171.728826 5.000000
47.633057 177.768989 5.000000
31.873123 180.761463 5.000000
1.742243 19.913932 5.000000
0.000000 19.040000 5.000000
-1.657702 18.947623 5.000000
-3.233329 18.337120 5.000000
-4.927915 18.391228 5.000000
-6.529165 17.938732 5.000000
-8.270639 17.736443 5.000000
-10.105000 17.502373 5.000000
-12.744868 18.201558 5.000000
-14.327736 17.075131 5.000000
-14.533713 17.320605 5.836431
-12.407094 17.719167 5.800350
-10.066063 17.434932 5.745122
-8.237911 17.666258 5.721559
-6.509625 17.885049 5.704622
-4.902792 18.297467 5.701309
-3.218258 18.251649 5.686213
-1.650985 18.870849 5.701309
0.000000 19.372641 5.717141
1.781630 20.364127 5.756536
31.550573 178.932193 11.697508
47.571220 177.538210 11.775195
62.679106 172.209428 11.755313
77.449634 166.091275 11.755313
90.726337 157.142624 11.688672
105.062860 150.045314 11.751999
105.075219 150.062965 18.530743
91.805958 159.012583 18.561649
77.892779 167.041604 18.613159
62.689824 172.238876 18.538101
17.595008 99.786249 12.490041
1.724575 19.711980 6.473624
0.000000 19.328523 6.439774
-1.648086 18.837705 6.408868
-3.283628 18.622382 6.408868
-4.912249 18.332762 6.414019
-6.569813 18.050413 6.430944
-8.219164 17.626053 6.448604
-9.913584 17.170831 6.476567
-12.442076 17.769126 6.614174
-14.443427 17.213006 6.671571
-25.726083 25.726083 9.066583
-14.109637 16.815211 7.465684
-12.390876 17.696004 7.427095
-10.070897 17.443306 7.265020
-8.180457 17.543047 7.177919
-6.599955 18.133226 7.171304
-4.891529 18.255433 7.127202
-3.202458 18.162041 7.076485
-1.642861 18.777991 7.121689
0.000000 18.849720 7.121689
1.719091 19.649298 7.218713
4.909368 27.842410 8.166904
77.529344 166.262214 25.380975
90.929905 157.495216 25.204568
7.540270 42.762997 11.497826
1.709417 19.538726 7.964984
0.000000 19.158343 7.897468
-1.633551 18.671569 7.835823
-3.254669 18.458145 7.835823
-4.866378 18.161571 7.844630
-6.505175 17.872821 7.876920
-8.339129 17.883321 7.982597
-10.024298 17.362593 8.029565
-12.322081 17.597755 8.242386
-14.304882 17.047894 8.356870
-15.203270 18.118551 9.490984
-12.404687 17.715729 9.113812
-10.238345 17.733334 8.899592
-8.279897 17.756296 8.734808
-6.539432 17.966941 8.646923
-4.831581 18.031705 8.562700
-3.231386 18.326100 8.551715
-1.593589 18.214810 8.491294
0.000000 19.002047 8.624952
1.689554 19.311687 8.696358
1.759145 20.107119 9.658430
0.000000 18.905774 9.371323
-1.612882 18.435322 9.281466
-3.196546 18.128512 9.259549
-4.850245 18.101360 9.334065
-6.456144 17.738111 9.364749
-8.047653 17.258249 9.402007
-9.891947 17.133354 9.568572
-12.634727 18.044261 10.072652
-14.391359 17.150953 10.153743
-12.740675 18.195569 11.027265
-9.999178 17.319085 10.443454
-8.132921 17.441105 10.244601
-6.429750 17.665592 10.127329
-4.758010 17.757135 10.017705
-3.183872 18.056638 10.004958
-1.598017 18.265420 10.004958
0.000000 18.499573 10.048298
1.706733 19.508048 10.333830
76.723866 76.723866 33.778066
80.405283 80.405283 39.707637
80.411530 95.830730 43.161031
1.776006 20.299839 11.404317
0.000000 18.473019 10.826817
-1.585008 18.116727 10.739756
-3.138012 17.796553 10.704932
-4.820798 17.991464 10.873249
-6.377059 17.520826 10.879053
-8.227644 17.644239 11.128626
-10.418362 18.045133 11.543614
-12.857128 18.361881 12.022445
-10.591229 18.344546 12.572903
-8.220749 17.629454 11.977718
-6.436264 17.683490 11.759808
-4.655176 17.373355 11.473599
-3.182389 18.048225 11.590684
-1.597273 18.256910 11.590684
0.000000 19.158805 11.876894
1.669800 19.085899 11.876894
12.041659 44.940085 21.289284
14.153190 38.885571 19.519989
17.392520 37.298380 19.441932
20.581832 35.648780 19.445184
24.988185 35.686826 20.271289
29.079287 34.655345 20.846960
37.811018 81.085989 39.864041
26.649439 73.218732 35.409296
23.361409 87.185966 40.169900
9.336224 106.713531 46.672100
-98.341255 140.445868 78.924636
0.000000 118.330521 61.490775
-22.465163 83.841129 46.579029
-4.430042 9.500256 10.488158
-3.058007 5.296624 8.423258
-3.782816 5.402421 8.649841
-10.477002 18.146700 16.503627
-7.763890 16.649716 15.163544
-5.885517 16.170326 14.560276
-4.332021 16.167323 14.316206
-2.980449 16.902964 14.537250
-1.519900 17.372532 14.680008
0.000000 17.527657 14.726059
0.000000 17.399935 15.602921
-1.457354 16.657630 15.218475
-2.826560 16.030217 14.967107
-4.246709 15.848934 15.041039
-5.704128 15.671963 15.193831
-7.886723 16.913133 16.317596
-7.681444 16.472910 17.072304
-5.744789 15.783679 16.222483
-4.248134 15.854251 15.986422
-2.832439 16.063558 15.923473
-1.460214 16.690318 16.196254
0.000000 16.745559 16.191009
88.379569 88.379569 82.886160
0.000000 17.277196 17.557702
-1.419571 16.225767 16.896574
-2.883203 16.351458 17.107690
-4.226339 15.772912 16.924352
-5.843742 16.055549 17.429921
-6.141411 16.873387 19.148493
-4.265665 15.919678 18.082324
-2.933715 16.637926 18.381086
-1.411714 16.135969 17.877292
