31.811559 37.911539 5.000000
28.386298 40.539835 5.000000
24.505000 42.443905 5.000000
13.291344 28.503380 5.000000
10.308487 28.322336 5.000000
7.800806 29.113004 5.000000
1.974380 11.197264 5.000000
1.011878 11.565820 5.000000
0.000000 11.710000 5.000000
-0.985731 11.266962 5.000000
-1.963961 11.138176 5.000000
-3.129122 11.678043 5.000000
-4.292353 11.793142 5.000000
-5.308085 11.383226 5.000000
-6.955000 12.046413 5.000000
-36.175466 51.663919 5.000000
-40.354206 48.092270 5.000000
-42.659752 42.659752 5.000000
-42.945832 42.945832 7.241043
-40.131432 47.826778 7.303634
-36.142790 51.617254 7.324988
-6.713337 11.627841 5.498073
-4.969064 10.656192 5.436586
-3.860766 10.607368 5.419282
-3.025039 11.289601 5.434009
-1.859515 10.545833 5.397927
-0.933309 10.667770 5.397927
0.000000 10.708519 5.397927
0.948986 10.846963 5.404555
1.932398 10.959171 5.413391
2.999175 11.193073 5.430327
10.030044 27.557320 6.083849
21.596264 46.313337 6.886116
25.745425 44.592383 6.900475
29.040996 41.474841 6.868812
32.281893 38.472062 6.853716
37.130288 37.130288 6.938030
38.088049 38.088049 8.988068
33.264505 39.643094 8.832065
30.420708 43.445274 8.926992
26.313999 45.577183 8.896821
22.595590 48.456399 8.958634
18.016890 49.500999 8.900501
3.126077 11.666677 5.904802
1.943235 11.020635 5.839310
0.919701 10.512226 5.792214
0.000000 10.682029 5.801781
-0.966637 11.048713 5.831951
-1.896477 10.755458 5.819441
-3.007343 11.223556 5.870952
-4.274258 11.743428 5.935708
-5.492237 11.778139 5.972501
-7.370497 12.766076 6.101277
-36.209565 51.712618 9.671685
-40.008298 47.680033 9.606193
-43.172467 43.172467 9.518626
-43.443565 43.443565 11.846104
-39.562169 47.148357 11.858233
-36.043476 51.475418 12.001564
-6.492845 11.245938 6.471186
-5.286370 11.336657 6.418264
-4.118429 11.315292 6.366444
-2.887620 10.776746 6.268318
-2.008138 11.388719 6.313522
-0.976720 11.163959 6.273830
0.000000 11.206603 6.273830
0.976720 11.163959 6.273830
1.904585 10.801437 6.247369
3.206599 11.967191 6.405033
17.518666 48.132139 10.712686
22.537483 48.331788 10.946426
28.010853 48.516220 11.245216
31.625360 45.165694 11.147089
35.856730 42.732387 11.218755
40.533991 40.533991 11.389650
40.944407 40.944407 13.646592
43.336710 51.646680 15.058554
39.850614 56.912576 15.363843
34.560662 59.860823 15.311005
36.331178 77.912463 17.810560
18.430817 50.638255 13.050691
3.110108 11.607081 6.837763
1.933776 10.966990 6.707134
0.970581 11.093797 6.707134
0.000000 11.057039 6.695392
-0.961960 10.995256 6.692457
-1.916599 10.869575 6.692457
-2.979540 11.119794 6.762908
-4.096364 11.254668 6.831892
-5.262345 11.285136 6.902343
-6.656174 11.528831 7.030036
-39.453459 56.345379 15.261102
-40.907853 48.752081 14.497879
-43.021770 43.021770 14.082509
-43.731266 43.731266 16.604167
-40.309515 48.039010 16.765289
-39.657028 56.636105 17.962721
-6.379695 11.049957 7.462308
-4.922866 10.557120 7.255413
-4.047905 11.121526 7.290200
-3.063196 11.432004 7.290200
-1.992011 11.297257 7.222456
-0.999810 11.427883 7.222456
0.000000 11.786126 7.281046
1.034940 11.829418 7.297524
2.062004 11.694203 7.297524
3.401606 12.694968 7.533715
26.723827 73.423110 19.638026
36.785576 78.886921 21.296854
34.938620 60.515465 18.100041
38.365742 54.791957 17.543437
43.254270 51.548432 17.618505
40.325014 40.325014 15.707009
38.495122 38.495122 17.353316
44.513854 53.049546 20.680243
39.250803 56.055956 20.496144
33.903623 58.722798 20.355878
28.920480 62.020170 20.496144
23.865528 65.569999 20.798592
3.150741 11.758725 7.859084
2.044446 11.594631 7.769227
0.951295 10.873357 7.576361
0.000000 11.314923 7.666219
-0.951295 10.873357 7.576361
-1.895351 10.749069 7.576361
-2.943669 10.985923 7.679369
-3.889954 10.687561 7.679369
-4.996312 10.714625 7.780185
-6.925856 11.995934 8.236048
-40.269332 57.510566 20.895024
-44.883879 53.490524 20.809550
-42.455237 42.455237 18.611324
-41.976105 41.976105 20.822041
-42.850602 51.067358 22.746834
-39.290514 56.112669 23.231219
-6.856568 11.875924 8.786347
-5.435807 11.657125 8.562000
-4.108104 11.286922 8.337654
-2.886014 10.770749 8.110758
-1.934620 10.971773 8.108208
-0.971848 11.108268 8.110758
0.000000 11.150700 8.110758
1.010614 11.551376 8.228030
2.021933 11.466952 8.240777
3.336494 12.451965 8.569649
22.644891 62.216327 22.627012
28.320413 60.733322 22.838612
33.849173 58.628487 23.019619
39.811860 56.857229 23.470862
43.814001 52.215493 23.141990
36.007038 36.007038 18.596419
35.568671 35.568671 20.478907
33.139122 39.493668 20.859071
47.366028 67.645698 30.267393
40.041234 69.353452 29.509968
28.526044 61.174299 25.693822
15.260023 41.926568 18.755113
3.376818 12.602457 9.181376
2.051226 11.633079 8.807017
1.029531 11.767588 8.807017
0.000000 10.960839 8.548737
-0.955300 10.919130 8.548737
-1.983094 11.246684 8.688034
-2.817059 10.513409 8.525521
-4.095767 11.253028 8.856351
-5.242942 11.243525 8.986941
-6.772323 11.730008 9.332281
0.832263 -1.188594 4.784828
-42.895016 51.120289 25.461661
-41.963268 41.963268 23.221308
-41.196532 41.196532 25.325489
-37.971995 45.253262 25.605194
-38.016448 54.293115 28.083508
-7.073477 12.251622 10.153132
-5.631073 12.075875 9.870175
-3.984701 10.947875 9.294504
-3.015367 11.253504 9.294504
-1.835889 10.411845 8.923732
-0.976671 11.163396 9.141642
0.000000 10.799416 9.001789
0.976671 11.163396 9.141642
1.942624 11.017168 9.135137
3.110819 11.609735 9.421346
14.893834 40.920473 20.264784
31.895507 68.400136 31.244822
39.125679 67.767664 32.201022
27.542853 39.335270 21.803160
30.866338 36.785070 21.803160
33.680761 33.680761 21.669813
29.346430 29.346430 21.364976
26.389177 31.449396 21.192256
23.322997 33.308692 21.041126
20.489815 35.489401 21.163469
32.113242 68.867069 34.664440
24.897523 68.405382 33.433808
10.372071 38.709095 20.814430
2.134028 12.102674 10.098575
0.997904 11.406093 9.774724
0.000000 11.067126 9.627192
-0.945047 10.801940 9.540832
-1.923406 10.908180 9.630791
-3.105865 11.591247 9.987026
-3.871340 10.636418 9.724347
-5.213431 11.180238 10.116566
-6.382608 11.055001 10.282090
-36.541355 52.186463 29.929025
-37.514193 44.707675 27.867176
-39.836331 39.836331 27.086337
-39.877559 39.877559 29.610988
-37.012398 44.109658 30.119173
-33.928647 48.455129 30.792814
-32.320014 55.979907 33.144647
0.832435 -1.785163 4.595677
-4.126640 11.337849 10.611170
-2.911056 10.864209 10.260561
-1.878085 10.651152 10.075409
-0.943431 10.783463 10.079348
0.000000 10.613253 9.988741
0.942630 10.774307 10.075409
2.083977 11.818823 10.583594
10.223786 38.155690 22.370336
13.478933 37.033064 22.330941
16.363953 35.092611 22.035485
19.162592 33.190583 21.866090
22.667775 32.372938 22.378214
25.462086 30.344532 22.417609
59.297373 59.297373 41.381972
40.511494 40.511494 32.624919
51.295545 61.131650 43.270058
21.858342 31.216947 23.553036
19.325630 33.472973 23.809546
16.055832 34.431842 23.497459
12.981434 35.666197 23.480359
9.622304 35.910927 23.112695
6.292586 35.687029 22.668079
3.177221 36.315801 22.770683
0.000000 11.775104 11.099506
-1.034147 11.820353 11.142257
-2.080831 11.800977 11.197834
-3.365826 12.561435 11.680927
-4.314868 11.855004 11.497095
-26.466702 56.758025 35.147261
-31.041573 53.765582 34.890751
-34.810913 49.715136 34.232377
0.897519 -1.069622 4.870603
-39.469549 39.469549 31.928068
-38.887735 38.887735 34.164172
-35.475992 42.278641 34.265484
-41.126132 58.734204 42.830964
-36.085840 62.502509 43.075034
-25.658025 55.023811 37.129854
-13.794188 37.899219 26.556553
-3.291290 12.283262 12.230097
-6.229712 35.330451 24.244794
-3.075694 35.155340 23.940858
0.000000 35.396146 23.996119
3.051711 34.881214 23.798100
6.129521 34.762241 23.945463
9.423103 35.167498 24.521100
12.373359 33.995525 24.401367
15.626805 33.511792 24.815826
19.060623 33.013968 25.409883
22.048738 31.488862 25.575667
68.375256 81.486457 60.818471
39.484018 39.484018 34.601656
40.586747 40.586747 38.260578
36.514619 43.516428 37.925420
22.247274 31.772400 27.717892
18.453763 31.962856 26.653273
15.112406 32.408658 26.002672
12.447539 34.199332 26.362474
8.978116 33.506786 25.396431
6.124874 34.735886 25.726660
3.081718 35.224202 25.775948
0.000000 35.002013 25.573867
-2.992993 34.210062 25.199279
-6.121852 34.718749 25.716802
-9.059188 33.809348 25.573867
-12.236249 33.618819 26.012530
-30.240373 64.850690 46.279723
-27.707253 47.990370 37.136814
-34.599196 49.412773 39.916652
-35.373671 42.156700 36.919947
-37.719673 37.719673 35.963761
-37.088907 37.088907 38.191910
-34.410262 41.008553 38.858127
-32.555924 46.494678 40.846287
-29.690857 51.426072 42.461995
-28.906086 61.989301 48.017301
-12.037245 33.072059 27.558666
-8.835788 32.975609 26.908186
-5.857189 33.217771 26.656387
-2.901939 33.169314 26.388851
0.000000 33.585478 26.567209
2.970204 33.949585 26.871465
5.917803 33.561526 26.871465
8.705782 32.490421 26.598684
11.647060 32.000035 26.855728
14.891850 31.935674 27.584895
17.822886 30.870143 27.836693
21.905653 31.284514 29.405189
25.041440 29.843226 29.877311
40.014642 40.014642 40.741371
36.733829 36.733829 40.724981
23.430177 27.922998 30.369152
20.287384 28.973387 29.646910
17.319141 29.997632 29.158009
14.290890 30.646912 28.607994
11.192917 30.752288 27.880197
8.562623 31.956143 28.119092
5.666911 32.138649 27.819084
2.830510 32.352878 27.713526
0.000000 32.775789 27.913531
-2.857323 32.659351 27.919087
-5.710226 32.384300 27.985755
-8.368942 31.233318 27.619079
-11.736082 32.244620 28.941336
-23.845299 51.136410 43.713949
-28.144875 48.748354 43.625057
-31.528185 45.026915 42.741701
-32.152538 38.317902 39.436058
-36.604482 36.604482 40.602755
-34.617139 34.617139 41.555599
-32.150769 38.315795 42.323006
-30.655323 43.780338 44.800968
-27.752235 48.068281 46.288917
-23.176343 49.701829 45.808555
-19.407748 53.322350 47.185201
-8.139934 30.378647 28.902174
-5.410622 30.685159 28.691284
-2.715645 31.039960 28.691284
0.000000 31.588066 29.001761
2.736129 31.274096 28.861168
5.527430 31.347614 29.177503
8.259497 30.824863 29.236084
10.803755 29.683073 29.001761
13.757282 29.502587 29.698871
16.438342 28.472043 29.933194
19.680085 28.106074 30.970072
22.961251 27.364154 31.989375
35.814866 35.814866 42.779935
