59.779248 71.242133 0.050000
52.769032 75.361988 0.050000
46.000000 79.674337 0.050000
38.880880 83.380316 0.050000
31.465853 86.451721 0.050000
23.552533 87.899250 0.050000
15.975632 90.602313 0.050000
7.931173 90.653718 0.050000
0.000000 90.000000 0.050000
-7.931173 90.653718 0.050000
-15.975632 90.602313 0.050000
-25.105447 93.694805 0.050000
-33.517974 92.089877 0.050000
-41.416590 88.818163 0.050000
-49.000000 84.870490 0.050000
-56.210491 80.276900 0.050000
-140.127699 166.997689 0.050000
-47.376154 47.376154 0.050000
-153.347465 153.347465 7.623160
-139.398819 166.129044 7.623160
-56.748475 81.045221 3.505020
-48.969278 84.817278 3.470120
-41.390622 88.762476 3.470120
-33.155147 91.093018 3.435221
-25.089702 93.636043 3.435221
-15.792055 89.561194 3.225824
-8.100394 92.587931 3.295623
0.000000 91.942211 3.260723
8.013292 91.592343 3.260723
15.965597 90.545402 3.260723
23.537734 87.844019 3.225824
31.104276 85.458297 3.225824
38.856457 83.327942 3.260723
45.971106 79.624291 3.260723
52.735886 75.314650 3.260723
60.384106 71.962975 3.330522
72.079721 72.079721 3.609718
73.357501 73.357501 7.304551
60.913830 72.594276 6.676743
52.638489 75.175553 6.467474
46.384984 80.341150 6.537230
38.784694 83.174045 6.467474
31.388011 86.237852 6.467474
23.494258 87.681763 6.397717
15.762886 89.395767 6.397717
7.911549 90.429415 6.397717
0.000000 91.772405 6.467474
-7.911549 90.429415 6.397717
-16.975462 96.272629 6.886013
-25.301578 94.426773 6.886013
-22.858336 62.802762 4.723562
-225.126937 482.786275 37.299835
-49.377677 85.524645 6.955769
-57.215923 81.712806 7.025526
-122.471124 145.955402 13.373365
0.002466 -0.002466 0.049878
-134.313841 134.313841 20.014663
-139.356705 166.078854 22.836931
-124.351685 177.592611 22.836931
-49.226221 85.262315 10.398044
-28.158100 60.385240 7.053133
-33.672718 92.515033 10.398044
-25.481367 95.097756 10.398044
-16.059906 91.080250 9.770873
-8.147304 93.124113 9.875402
0.000000 90.496266 9.561816
7.887269 90.151900 9.561816
15.714512 89.121424 9.561816
23.679558 88.373315 9.666345
30.951546 85.038673 9.561816
38.665678 82.918814 9.666345
45.745394 79.233347 9.666345
53.617829 76.574195 9.875402
59.448411 70.847858 9.770873
72.429322 72.429322 10.816158
72.818507 72.818507 14.523516
59.829539 71.302068 13.131785
52.819491 75.434050 12.992612
45.548852 78.892926 12.853439
38.081048 81.665071 12.714266
31.495941 86.534388 12.992612
23.577821 87.993625 12.853439
15.818950 89.713725 12.853439
7.939688 90.751049 12.853439
0.000000 90.107436 12.714266
-8.025996 91.737549 12.992612
-15.990908 90.688949 12.992612
-25.628223 95.645829 13.966823
-22.689959 62.340150 9.374111
0.002941 -0.006307 0.049513
-49.509924 85.753704 13.966823
-123.818794 176.831564 30.389249
0.004473 -0.005331 0.049513
-46.910172 46.910172 9.374111
-45.953900 45.953900 11.510020
-42.406908 50.538585 11.683668
-37.275946 53.235569 11.510020
0.004341 -0.007519 0.049240
-41.199907 88.353486 17.240410
-22.227420 61.069335 11.510020
-17.075182 63.725447 11.683668
-16.928489 96.006234 17.240410
-7.895755 90.248895 16.024873
0.000000 89.608823 15.851225
7.809924 89.267834 15.851225
15.731419 89.217310 16.024873
23.447357 87.506728 16.024873
31.321671 86.055583 16.198521
39.118918 83.890791 16.372169
45.789219 79.309254 16.198521
52.527234 75.016665 16.198521
58.865486 70.153154 16.198521
72.415742 72.415742 18.108651
72.616403 72.616403 21.879635
59.094987 70.426663 19.592606
52.170982 74.507884 19.384695
45.478666 78.771360 19.384695
38.026846 81.548835 19.176783
30.774693 84.552775 19.176783
23.288326 86.913217 19.176783
15.624721 88.612198 19.176783
7.842203 89.636786 19.176783
0.000000 89.979184 19.176783
-7.756951 88.662360 18.968871
-26.155641 148.336013 32.067308
-39.743936 148.326389 32.691043
-32.781970 90.067723 20.424253
-41.333911 88.640857 20.840076
-48.413108 83.853964 20.632165
-55.537236 79.315394 20.632165
0.006682 -0.007963 0.048907
0.007351 -0.007351 0.048907
0.008553 -0.008553 0.048515
0.007775 -0.009266 0.048515
-37.281159 53.243013 16.257282
-32.498859 56.289675 16.257282
0.005112 -0.010963 0.048515
-33.181931 91.166607 24.240704
-38.671045 144.322306 37.304487
-25.776882 146.187965 37.062565
-7.863662 89.882072 22.547251
0.000000 89.255111 22.305329
7.694529 87.948865 22.063407
15.667477 88.854680 22.547251
22.849792 85.276583 22.063407
30.527046 83.872369 22.305329
38.130904 81.771988 22.547251
44.627555 77.297193 22.305329
52.307706 74.703146 22.789173
57.995773 69.116671 22.547251
72.032229 72.032229 25.450314
72.040009 72.040009 29.265623
59.308304 70.680884 26.509249
51.268301 73.218723 25.682337
44.691778 77.408430 25.682337
37.775123 81.009013 25.682337
30.242206 83.089777 25.406700
23.134167 86.337885 25.682337
15.354370 87.078961 25.406700
7.622731 87.128217 25.131062
0.000000 87.461032 25.131062
-7.706511 88.085821 25.406700
-25.870415 146.718413 42.771853
-24.129338 90.051915 26.784887
-22.022934 60.507514 18.515766
-39.806357 85.365008 27.060524
-48.056194 83.235769 27.611799
-54.025087 77.155820 27.060524
-118.007579 140.635956 52.694798
-149.527481 149.527481 60.688281
0.010925 -0.010925 0.047553
0.009932 -0.011836 0.047553
-36.539879 52.184356 20.751691
-46.594044 80.703251 30.331218
-39.382988 84.457090 30.331218
-31.546923 86.674458 30.022201
-23.872700 89.094131 30.022201
-25.430299 144.222390 47.636170
-7.707427 88.096292 28.786133
0.000000 88.432805 28.786133
7.624537 87.148854 28.477116
15.191046 86.152704 28.477116
22.888094 85.419530 28.786133
30.245801 83.099654 28.786133
36.971385 79.285390 28.477116
43.740874 75.761417 28.477116
51.268477 73.218973 29.095150
65.402094 77.943181 33.112371
70.601418 70.601418 32.494337
69.092062 69.092062 35.617080
63.411399 75.570762 35.959100
50.654832 72.342598 32.196878
43.687156 75.668374 31.854858
37.323111 80.039671 32.196878
29.562381 81.221975 31.512838
22.370926 83.489432 31.512838
15.009214 85.121484 31.512838
7.533274 86.105710 31.512838
0.000000 88.314005 32.196878
-7.615173 87.041827 31.854858
-24.962945 141.571895 52.376067
-23.586978 88.027799 33.222939
-31.490744 86.520108 33.564959
-38.514505 82.594623 33.222939
-46.036388 79.737363 33.564959
-53.349760 76.191354 33.906979
-40.458534 48.216603 22.962334
-44.506930 44.506930 22.962334
0.013244 -0.013244 0.046359
-39.322792 46.863078 24.770394
-52.106716 74.416103 36.757805
-44.959052 77.871362 36.383199
-38.392877 82.333791 36.757805
-30.753803 84.495378 36.383199
-23.272518 86.854218 36.383199
-15.936122 90.378241 37.132412
-7.513642 85.881315 34.884772
0.000000 85.282184 34.510166
7.432832 84.957660 34.510166
14.970100 84.899654 34.884772
22.072654 82.376264 34.510166
29.168225 80.139039 34.510166
36.825498 78.972536 35.259379
43.568276 75.462468 35.259379
51.043095 72.897094 36.008592
63.162083 75.273640 39.754658
68.826645 68.826645 39.380052
67.812909 67.812909 42.753025
61.644576 73.465145 42.753025
49.767209 71.074941 38.685658
43.383241 75.141977 38.685658
36.283019 77.809185 38.278922
29.050983 79.816919 37.872185
21.747489 81.162734 37.465448
14.749570 83.648971 37.872185
7.323335 83.706102 37.465448
0.000000 84.025845 37.465448
-7.243714 82.796032 37.058712
-15.542748 88.147304 39.905868
-22.929704 85.574820 39.499132
-30.300786 83.250726 39.499132
-38.213424 81.948951 40.312605
-44.753559 77.515438 39.905868
-51.863162 74.068271 40.312605
-56.946851 67.866614 39.499132
-43.265890 43.265890 27.297032
-42.565907 42.565907 29.415807
-56.603811 67.457796 43.005312
-49.993555 71.398196 42.566941
-44.479346 77.040487 43.443683
-37.215721 79.809371 43.005312
-30.118259 82.749236 43.005312
-22.791579 85.059330 43.005312
-15.447515 87.607210 43.443683
-11.983354 136.970366 67.115725
0.000000 82.667134 40.375085
7.204915 82.352560 40.375085
14.354997 81.411234 40.375085
21.628454 80.718488 40.813456
28.581231 78.526286 40.813456
35.316487 75.736451 40.813456
42.681758 73.926973 41.690199
54.633299 78.024437 46.512281
61.225681 72.965925 46.512281
67.987641 67.987641 46.950652
65.538916 65.538916 49.338661
60.144975 71.677990 49.808133
54.175395 77.370482 50.277605
46.784486 81.033106 49.808133
35.066159 75.199620 44.174474
27.774671 76.310281 43.235531
21.246624 79.293481 43.705003
14.101570 79.973977 43.235531
7.077718 80.898685 43.235531
0.000000 81.207705 43.235531
-7.154672 81.778273 43.705003
-14.254892 80.843511 43.705003
-21.932195 81.852067 45.113417
-29.586586 81.288477 46.052361
-36.185608 77.600287 45.582889
-43.252695 74.915866 46.052361
-49.111016 70.137799 45.582889
-56.172141 66.943351 46.521832
-41.814063 41.814063 31.498742
-40.398903 40.398903 33.043301
-36.724177 43.766169 33.043301
-48.168642 68.791950 48.543301
-42.422745 73.478349 49.043301
-35.857253 76.896128 49.043301
-28.722668 78.914883 48.543301
-21.959629 81.954450 49.043301
-14.582881 82.703627 48.543301
-7.017376 80.208977 46.543301
0.000000 82.247413 47.543301
7.017376 80.208977 46.543301
13.981346 79.292153 46.543301
20.838909 77.771868 46.543301
28.130272 77.287287 47.543301
34.393261 73.756586 47.043301
40.690694 70.478349 47.043301
52.142496 74.467202 52.543301
58.434322 69.639313 52.543301
64.281428 64.281428 52.543301
62.945623 62.945623 55.683925
57.765138 68.841811 56.213844
51.545365 73.614411 56.213844
40.269037 69.748017 50.384733
33.678460 72.223690 49.854813
27.255594 74.884129 49.854813
21.064278 78.612956 50.914652
13.838028 78.479355 49.854813
6.871531 78.541959 49.324894
0.000000 78.841977 49.324894
-7.388917 84.455707 53.034329
0.000000 0.000000 0.000000
0.000000 0.000000 0.000000
0.000000 0.000000 0.000000
0.000000 0.000000 0.000000
0.000000 0.000000 0.000000
0.000000 0.000000 0.000000
0.000000 0.000000 0.000000
0.000000 0.000000 0.000000
0.000000 0.000000 0.000000
0.000000 0.000000 0.000000
